300964.0
300964.0
451665.0
451665.0
100103.0
100103.0
11472.0
11472.0
313104.0
313104.0
638258.0
638258.0
127894.0
127894.0
20535.0
20535.0
21379.0
21379.0
541730.0
541730.0
456863.0
456863.0
266753.0
266753.0
629287.0
629287.0
21024.0
21024.0
231600.0
231600.0
457877.0
457877.0
327559.0
327559.0
646189.0
646189.0
142251.0
142251.0
44969.0
44969.0
34632.0
34632.0
567416.0
567416.0
462790.0
462790.0
527985.0
527985.0
659321.0
659321.0
33606.0
33606.0
592084.0
592084.0
462790.0
462790.0
346227.0
346227.0
643186.0
643186.0
152320.0
152320.0
71317.0
71317.0
51802.0
51802.0
597021.0
597021.0
466709.0
466709.0
653547.0
653547.0
692000.0
692000.0
51425.0
51425.0
740086.0
740086.0
466206.0
466206.0
364842.0
364842.0
646825.0
646825.0
148258.0
148258.0
128437.0
128437.0
68245.0
68245.0
636808.0
636808.0
468248.0
468248.0
712260.0
712260.0
736201.0
736201.0
66420.0
66420.0
809647.0
809647.0
466379.0
466379.0
386136.0
386136.0
654570.0
654570.0
141898.0
141898.0
193141.0
193141.0
80510.0
80510.0
688481.0
688481.0
465854.0
465854.0
651947.0
651947.0
794804.0
794804.0
76526.0
76526.0
816307.0
816307.0
463138.0
463138.0
414649.0
414649.0
653676.0
653676.0
138845.0
138845.0
292042.0
292042.0
91391.0
91391.0
752568.0
752568.0
458398.0
458398.0
661545.0
661545.0
867507.0
867507.0
87992.0
87992.0
656448.0
656448.0
455372.0
455372.0
444031.0
444031.0
694148.0
694148.0
145672.0
145672.0
528836.0
528836.0
100112.0
100112.0
828896.0
828896.0
493180.0
493180.0
810626.0
810626.0
954804.0
954804.0
97473.0
97473.0
971841.0
971841.0
490529.0
490529.0
475550.0
475550.0
921417.0
921417.0
150318.0
150318.0
451142.0
451142.0
105112.0
105112.0
904716.0
904716.0
929151.0
929151.0
800627.0
800627.0
1046981.0
1046981.0
100434.0
100434.0
910986.0
910986.0
1021490.0
1021490.0
517679.0
517679.0
1111035.0
1111035.0
157885.0
157885.0
418597.0
418597.0
112622.0
112622.0
947408.0
947408.0
1322583.0
1322583.0
798741.0
798741.0
1109770.0
1109770.0
108962.0
108962.0
902594.0
902594.0
1323992.0
1323992.0
562283.0
562283.0
1116362.0
1116362.0
170664.0
170664.0
343967.0
343967.0
121402.0
121402.0
921989.0
921989.0
1304697.0
1304697.0
881275.0
881275.0
1086556.0
1086556.0
118288.0
118288.0
1000817.0
1000817.0
1292731.0
1292731.0
600486.0
600486.0
1101230.0
1101230.0
171170.0
171170.0
413386.0
413386.0
119826.0
119826.0
862488.0
862488.0
1254186.0
1254186.0
928268.0
928268.0
1015436.0
1015436.0
113476.0
113476.0
1046480.0
1046480.0
1246468.0
1246468.0
642498.0
642498.0
1083224.0
1083224.0
153878.0
153878.0
530798.0
530798.0
114845.0
114845.0
820239.0
820239.0
1217550.0
1217550.0
982751.0
982751.0
964157.0
964157.0
109050.0
109050.0
1109543.0
1109543.0
1205773.0
1205773.0
689986.0
689986.0
1068266.0
1068266.0
130711.0
130711.0
750902.0
750902.0
114357.0
114357.0
793613.0
793613.0
1203040.0
1203040.0
1027866.0
1027866.0
933930.0
933930.0
108966.0
108966.0
1158188.0
1158188.0
1196673.0
1196673.0
733042.0
733042.0
1035536.0
1035536.0
116295.0
116295.0
919618.0
919618.0
471712.0
471712.0
759399.0
759399.0
236722.0
236722.0
45062.0
45062.0
490621.0
490621.0
766787.0
766787.0
247146.0
247146.0
106880.0
106880.0
90204.0
90204.0
795798.0
795798.0
481497.0
481497.0
616640.0
616640.0
795750.0
795750.0
73712.0
73712.0
608174.0
608174.0
478246.0
478246.0
515495.0
515495.0
772471.0
772471.0
257519.0
257519.0
154328.0
154328.0
121389.0
121389.0
827766.0
827766.0
483575.0
483575.0
